77443046,237749125
79314283,140110022
15987177,120030379
15987177,369875217
93262868,140019743
65762927,111152415
77443046,267457404
58468151,61013239
116763688,180345532
48776635,392242943
138977388,6026301
40781736,164618396
77443046,173816475
46433093,44523695
32837469,234903102
117597296,325637275
15381495,161349113
108179658,374213691
108179658,48394471
57636921,132375923
10960939,164666227
77881862,395124703
10525504,321646366
113135549,267206485
3304327,245841914
61664752,26078435
72651215,316555195
65683052,207792021
81541985,194701908
56708793,383720130
53688011,105276418
64376905,286177163
71714329,300192754
105454547,30657417
135196347,56630239
72651215,316555195
65683052,311119124
34393089,112735110
42601828,74511799
123701491,335309109
10184170,7783347
32191955,147579015
16611975,306593949
53688011,208179312
72767439,213560682
80519771,81363321
110017091,132888276
81182608,303964448
110017091,132888276
20243905,321739959
20243905,371414205
87998227,100840973
62355811,48295154
57636921,298206428
8913893,242763705
3694961,362898947
110017091,132888276
62355811,384100615
3694961,397649395
57636921,305244702
110017091,132888276
2242451,59801863
39912401,277040961
116489495,335309109
77443046,382752910
28743854,305613858
3694961,246386035
116349225,305365136
3694961,246386035
25945368,257904822
58156669,385485722
22040312,299851899
3694961,353539615
77443046,90770898
36863326,129651806
36863326,156641612
77443046,345699490
104683710,2353842
4917287,84184637
15688979,161494225
99785045,272357531
98827905,125851268
99785045,272357531
130041655,29657299
94883880,154423843
54949966,146829619
15386874,289592309
99785045,272357531
20180785,146245323
58156669,76918251
75167088,132473856
99785045,171227650
62443822,368529623
7277182,66722357
48470191,290193921
130041655,29657299
100012968,307406307
93945524,176785680
109522308,197720725
46312993,400991618
21676430,70078770
3543407,307811058
101903161,357104534
85862488,173705692
77443046,371505056
140502795,352340108
54072669,223781269
77443046,161320691
77443046,397027489
60660467,231950057
48327589,106803580
74056865,90641571
140502795,237281633
131785898,196155718
53154333,161566363
118194231,48911130
116349225,15880355
102767670,104562108
44446177,343168939
32845489,323582185
62007671,142477642
132614903,17556221
30740491,185760658
32845489,28346734
29582784,18910888
86723232,136242516
30740491,164567610
105591337,129991741
67684356,390411593
21740397,622520
81729056,201067237
92726270,202476364
22874532,252996824
93422967,339700377
29582784,155325042
36738292,187678716
1799885,332699262
36738292,354479423
141127578,160634433
31937102,95910606
47710892,154465468
1666891,343299064
29197258,242052086
66132570,147996543
92698575,323385222
139423598,192046540
37844114,71269351
5196815,349051058
139750127,38359465
69697214,18170459
35603682,167074648
104683710,111703405
116369265,221830759
47237907,135494766
97933481,21583155
18245913,345055044
78574430,221197813
9695904,339374504
1188241,146745730
100968525,93654301
78889829,161075674
116369265,221830759
121550598,305613858
101899044,301385234
6222588,201797428
116369265,221830759
116369265,221830759
35389479,40669303
108331566,339864912
9695904,152800753
78574430,355420106
110033398,187426274
78574430,212063512
78574430,350898954
78574430,141379351
33797179,307885486
86641829,194591138
71678956,209768553
116369265,221830759
80803649,235192603
134496896,181217263
4752206,15539388
51204443,14810724
51204443,355199919
71090781,82748288
76955385,34299825
76955385,178723171
5440164,347148565
137663887,243699571
78574430,29228336
56444539,266518564
8750098,378836132
84676338,26011172
115129419,325115983
84676338,133627621
84676338,133627621
84676338,137655222
78574430,88636362
100968525,192901416
115129419,99006746
45796530,247114107
44908934,81201261
76955385,85739281
84676338,164279961
84676338,113270279
4752206,104975474
4752206,54423660
92129979,9038897
21669502,154844420
84676338,133627621
133271218,296275950
137359772,45161901
122338823,57352999
6799716,123601142
47237907,176171287
35205411,386276641
128514431,343575787
45642765,400143594
125871904,325733910
93232203,168323278
33245877,230897442
125871904,399049195
83832211,191275614
45101614,73363793
124882030,227391505
83345819,37823257
83832211,37821359
47237907,47052536
33245877,110569554
87942719,194701908
136482450,269514661
35205411,195443517
77957775,157737049
135846989,279657185
140951912,404202895
73746330,237993730
97974838,399458626
86239261,29934207
23228065,221409776
99418963,366911878
120873,260646988
24625581,225561436
72214388,12057143
125577545,184081436
125577545,36097647
141582467,124589107
23228065,197445650
47257431,168733410
87942719,199249620
93945524,158824352
121148622,31532943
108879821,387106492
108879821,186176858
9860181,166475921
108879821,174063202
36110156,378878990
57638892,136313542
40893979,384386825
59012689,180597544
62989173,234597767
140502795,131723630
9451374,179970015
27840504,351146709
131506912,274749601
5798831,279662944
95221400,300300415
5798831,265326454
95221400,251124746
130031214,243144895
43987061,358922461
82756067,6594746
44614693,133903397
32191955,395082504
27840504,62176933
47257431,5375121
47237907,68000960
53688011,213653603
16905986,395856501
122462305,67563490
87942719,66982723
47237907,403917364
83584379,334477413
137362349,49491453
53517495,313891623
83584379,353619450
140502795,366470794
122462305,250795332
14735918,18571305
81925863,299012250
29285910,171315964
136347831,48922737
112345599,73250533
33816024,395735762
90326641,66150872
77374787,179202798
38016396,266995399
38016396,167306170
135639209,150257911
115557934,196745649
136347831,48922737
106547164,335862230
109084676,270664611
78068981,312170761
109084676,351532019
130216411,380992474
106547164,335862230
65698133,96863113
77374787,12265214
118522478,341690127
64471307,105208301
38016396,167306170
112345599,73250533
136347831,48922737
3694961,244942918
3694961,193480807
112345599,264264411
3482403,218341790
95471305,25562247
95471305,331501129
106547164,335862230
64471307,326130220
57638892,32389973
110659116,196108877
12730285,14136232
108546559,127077749
96985981,208715196
69050200,349419654
69251001,134157153
6228124,306342850
38673719,182163626
119680525,53257557
33448326,65763327
90326641,312202940
118282748,315323681
6228124,120793106
109179391,227275517
49003690,11661752
101016413,184876013
69251001,14121543
38673719,113494096
69050200,349419654
118282748,90395886
501286,345122907
31943268,36454016
69251001,3794967
64493138,313178639
135410830,1358524
501286,345122907
118282748,304330531
49003690,194554484
137531842,394888882
78127630,273846011
61459598,76814950
137531842,145292389
84894979,303625840
33682194,302528375
109179391,16197250
62320046,126902916
100192152,207251826
137129651,346165421
69462679,200172766
72295163,55641117
69462679,341735374
79403111,303205878
138735272,319935647
46468680,101276445
131254719,115842631
37447725,66062866
37447725,379704892
137129651,44027296
12210870,288454758
52808446,125666923
138735272,241785731
69462679,200172766
128180595,265826030
79403111,303205878
128180595,371800240
89160493,83000184
138735272,363869451
46468680,101276445
78462766,188843634
107113176,304628342
14759968,257243072
137129651,96160664
79403111,303205878
20942421,11326867
79403111,303205878
128180595,265826030
131254719,160850405
138735272,81100812
37447725,272862600
110007607,135117255
138735272,241785731
137129651,402831904
69462679,200172766
131254719,374992616
100288957,242930737
46468680,101276445
63727001,61360068
37019520,139306869
137129651,378512352
137129651,394051040
126086100,184130877
89380977,154226543
22734359,93642440
35205411,47657260
63176270,385312451
59422637,392824485
126086100,184130877
69255232,119117175
59422637,392824485
126086100,184130877
100684618,251490218
93509038,357838269
102033644,193064998
48962145,257929909
100684618,322461167
126086100,184130877
126086100,184130877
59422637,224049950
59422637,366590275
59422637,118279193
63176270,385312451
111695487,317530338
59422637,392824485
69255232,228333997
69255232,218392493
33173119,9466715
33173119,9466715
23095086,213035171
59422637,392824485
59422637,392824485
126086100,184130877
69255232,218392493
6177572,168504594
68961612,13506760
